         315       74304
         316       74029
         317       74318
         318       74402
         319       74268
         320       74669
         321       74437
         322       74555
         323       74572
         324       74232
         325       74285
         326       74400
         327       73896
         328       74658
         329       74262
         330       74300
         331       74425
         332       74704
         333       74403
         334       74542
         335       74410
         336       74066
         337       74668
         338       74593
         339       74228
         340       74246
         341       74440
         342       74350
         343       74369
         344       74575
         345       74599
         346       74482
         347       74596
         348       74138
         349       74242
         350       74276
         351       74341
         352       74731
         353       74623
         354       74212
         355       74475
         356       74576
         357       74401
         358       74291
         359       74642
         360       74187
         361       74769
         362       74658
         363       74830
         364       74728
         365       74550
         366       74528
         367       74453
         368       74415
         369       74593
         370       74120
         371       74525
         372       74535
         373       74593
         374       74614
         375       74791
         376       74354
         377       74610
         378       74607
         379       74648
         380       74261
         381       74692
         382       74468
         383       74694
         384       74567
         385       74514
         386       74394
         387       74572
         388       74585
         389       74440
         390       74352
         391       74696
         392       74838
         393       74614
         394       74643
         395       74591
         396       74710
         397       74757
         398       74807
         399       74765
         400       74554
         401       74432
         402       74543
         403       74550
         404       74743
         405       74491
         406       74661
         407       74627
         408       74697
         409       74677
         410       74711
         411       74714
         412       74670
         413       74514
         414       74780
         415       74553
         416       74760
         417       74565
         418       74020
         209       74421
